0 200 200 
0 164 207 
1 162 221 
2 163 235 
3 153 255 
4 153 275 
5 155 301 
6 146 310 
7 136 323 
8 100 335 
9 77 343 
10 73 335 
11 66 343 
12 53 353 
13 46 341 
14 47 352 
15 42 346 
16 43 339 
17 43 322 
18 40 313 
19 37 278 
20 36 263 
21 37 242 
22 38 219 
23 31 202 
24 32 193 
25 34 183 
26 38 184 
27 39 176 
28 37 152 
29 38 134 
30 42 134 
31 39 122 
32 38 112 
33 44 106 
34 53 91 
35 68 85 
36 86 81 
37 113 80 
38 134 70 
39 165 74 
40 192 78 
41 228 82 
42 271 93 
43 289 87 
44 335 89 
45 370 94 
46 424 94 
47 472 99 
48 504 107 
49 531 111 
50 571 114 
51 581 119 
52 616 121 
53 599 124 
54 572 128 
55 551 142 
56 545 155 
57 467 169 
58 413 185 
59 343 196 
60 304 210 
61 241 233 
62 183 239 
63 135 245 
64 96 245 
65 72 256 
66 58 247 
67 37 255 
68 31 249 
69 26 249 
70 23 246 
71 17 244 
72 20 237 
73 19 221 
74 25 200 
75 23 181 
76 25 164 
77 32 156 
78 37 144 
79 44 132 
80 50 123 
81 51 118 
82 53 115 
83 64 110 
84 69 107 
85 89 98 
86 104 91 
87 116 84 
88 133 87 
89 159 96 
90 196 92 
91 214 82 
92 243 86 
93 276 94 
94 310 100 
95 355 109 
96 395 116 
97 425 121 
98 433 125 
99 490 139 
100 498 151 
101 499 155 
102 534 160 
103 533 159 
104 491 166 
105 486 177 
106 445 196 
107 422 210 
108 413 221 
109 331 229 
110 271 254 
111 219 266 
112 182 293 
113 147 319 
114 134 329 
115 86 342 
116 78 356 
117 53 354 
118 39 341 
119 32 334 
120 33 331 
121 30 327 
122 28 322 
123 25 291 
124 25 274 
125 24 248 
126 27 236 
127 25 222 
128 26 211 
129 24 200 
130 27 193 
131 35 164 
132 37 142 
133 46 129 
134 55 121 
135 64 116 
136 68 108 
137 84 103 
138 101 96 
139 117 85 
140 140 74 
141 180 77 
142 218 74 
143 253 74 
144 300 71 
145 342 75 
146 397 77 
147 458 79 
148 507 82 
149 550 90 
150 618 98 
151 641 106 
152 670 112 
153 692 119 
154 689 126 
155 679 131 
156 673 145 
157 649 156 
158 631 159 
159 570 158 
160 497 178 
161 405 190 
162 348 212 
163 264 219 
164 224 220 
165 147 229 
166 117 240 
167 98 230 
168 92 224 
169 73 218 
170 45 214 
171 49 196 
172 48 186 
173 61 173 
174 66 158 
175 76 147 
176 77 149 
177 82 143 
178 69 140 
179 71 143 
180 81 148 
181 82 146 
182 77 139 
183 71 124 
184 68 120 
185 73 116 
186 77 111 
187 86 110 
188 99 108 
189 115 107 
190 136 106 
191 165 110 
192 187 102 
193 208 98 
194 236 100 
195 270 93 
196 304 97 
197 335 99 
198 376 103 
199 422 111 
